1 39 2 1,[1, 32, 44, 92, 113, 154, 169, 210] 3,[5, 40, 46, 48, 63, 100, 115, 129, 144, 155, 162, 183, 192, 238, 245, 254, 268, 289, 295, 316, 341, 361, 367, 408, 425, 429, 444, 482, 490, 504, 526] 
2 60 2 1,[2, 6, 20, 30, 33, 45, 64, 93, 114, 155, 170, 196, 211, 249, 258, 264, 277, 284, 301, 316, 339, 345, 349, 366, 370] 3,[6, 41, 47, 49, 64, 75, 101, 116, 130, 145, 156, 163, 184, 193, 210, 239, 246, 255, 269, 290, 296, 317, 342, 362, 368, 409, 426, 430, 445, 483, 491, 505, 527, 538, 548] 
3 12 4 1,[3, 15, 62, 94, 302, 317, 346] 2,[93] 3,[338] 4,[52, 346, 389] 
4 14 3 1,[4, 9, 39, 95, 303, 320, 372] 3,[2, 37, 43, 69, 209, 503] 4,[563] 
5 7 2 1,[5, 304] 3,[3, 38, 44, 60, 70] 
6 52 4 1,[7, 46, 59, 78, 115, 130, 139, 144, 156, 183, 197, 265, 310, 340, 359, 367, 371] 2,[53] 3,[89, 134, 207, 303, 330, 395, 418, 488, 497, 512, 523, 532, 544, 557] 4,[42, 90, 161, 183, 239, 273, 359, 370, 521, 526, 533, 547, 556, 565, 580, 583, 638, 641, 696, 754] 
7 39 4 1,[8, 162, 198, 227, 239, 266, 287, 341, 368, 394] 2,[19, 26, 36, 43, 58, 77, 97] 3,[87, 95, 105, 126, 160, 188, 205, 217, 231, 299, 304, 325, 336, 376, 451, 502, 568, 578] 4,[165, 264, 709, 728] 
8 68 4 1,[10, 12, 50, 75, 87, 100, 148, 193, 235, 273, 322, 329, 364, 400, 403] 2,[90] 3,[68, 138, 152, 168, 174, 214, 277, 313, 332, 392, 420, 509, 521, 535, 545] 4,[50, 78, 84, 91, 96, 116, 119, 130, 132, 147, 153, 175, 178, 181, 187, 195, 199, 208, 217, 228, 234, 283, 399, 513, 519, 561, 570, 578, 600, 616, 630, 654, 664, 673, 678, 721, 746] 
9 3 1 1,[11, 13, 323] 
10 12 4 1,[14, 98, 207, 223, 269] 2,[68] 3,[177, 350, 474] 4,[345, 527, 730] 
11 6 2 1,[16, 107, 233, 270, 295] 2,[107] 
12 3 2 1,[17, 271] 3,[260] 
13 2 2 1,[18] 4,[700] 
14 1 1 1,[19] 
15 8 3 1,[21] 3,[65, 123, 178, 410, 475, 500] 4,[744] 
16 8 3 1,[22, 159, 298] 3,[397] 4,[243, 251, 307, 685] 
17 6 2 1,[23, 52, 160, 281] 3,[103, 158] 
18 15 4 1,[24, 53, 161, 202, 333] 2,[96] 3,[104, 159] 4,[64, 233, 659, 676, 706, 727, 740] 
19 19 4 1,[25, 54, 393, 406, 420] 2,[87, 100] 3,[92, 221, 224, 242, 412, 457, 589, 601] 4,[699, 716, 726, 743] 
20 6 2 1,[26, 88, 136, 151, 321] 3,[107] 
21 4 3 1,[27, 178] 3,[108] 4,[268] 
22 18 3 1,[28, 61, 219, 410] 3,[74, 109, 199, 441, 443, 499] 4,[57, 76, 169, 242, 347, 549, 567, 711] 
23 7 2 1,[29] 3,[9, 62, 110, 143, 237, 403] 
24 1 1 1,[31] 
25 11 3 1,[34, 158, 184] 3,[135, 146, 396] 4,[184, 456, 492, 516, 684] 
26 1 1 1,[35] 
27 29 4 1,[36, 89, 218, 286, 387] 2,[17, 55, 84] 3,[54, 67, 83, 167, 173, 233, 276, 307, 327, 334, 385, 437, 478, 593, 598] 4,[289, 299, 387, 587, 628, 701] 
28 5 2 1,[37, 175, 311] 3,[131, 180] 
29 3 2 1,[38, 140] 3,[533] 
30 1 1 1,[40] 
31 14 4 1,[41] 2,[32, 135] 3,[371] 4,[3, 25, 72, 129, 241, 259, 282, 325, 384, 408] 
32 4 1 1,[42, 82, 123, 250] 
33 10 2 1,[43, 109, 111, 122, 138, 325] 3,[366, 372, 373, 404] 
34 5 1 1,[47, 70, 104, 116, 157] 
35 1 1 1,[48] 
36 35 4 1,[49, 119, 126, 164, 189, 261, 319] 2,[16, 121] 3,[13, 79, 227, 281, 315, 356, 391, 486, 514, 525, 537, 547] 4,[9, 31, 61, 67, 103, 118, 136, 139, 198, 331, 353, 395, 625, 660] 
37 2 2 1,[51] 3,[215] 
38 1 1 1,[55] 
39 9 3 1,[56] 3,[91, 170, 172, 470, 472] 4,[192, 657, 689] 
40 1 1 1,[57] 
41 1 1 1,[58] 
42 1 1 1,[60] 
43 2 1 1,[63, 97] 
44 1 1 1,[65] 
45 5 4 1,[66] 2,[60, 79] 3,[413] 4,[720] 
46 3 1 1,[67, 76, 358] 
47 2 1 1,[68, 71] 
48 11 4 1,[69, 415] 2,[21, 24, 41] 3,[118] 4,[219, 226, 246, 539, 591] 
49 5 3 1,[72] 3,[381, 433] 4,[668, 677] 
50 1 1 1,[73] 
51 16 4 1,[74, 195, 300, 363] 2,[70, 89] 3,[204, 602, 605] 4,[122, 171, 202, 320, 512, 569, 602] 
52 1 1 1,[77] 
53 9 3 1,[79, 117, 135] 3,[389] 4,[126, 174, 205, 584, 620] 
54 2 2 1,[80] 3,[364] 
55 57 4 1,[81, 86, 103, 147, 220, 254, 328, 354, 402] 2,[57, 76, 125] 3,[4, 39, 45, 58, 86, 114, 140, 151, 190, 267, 273, 286, 365, 378, 400, 416, 422, 453, 495, 508, 609, 633] 4,[69, 77, 83, 177, 180, 189, 207, 221, 237, 362, 372, 410, 414, 523, 531, 599, 632, 643, 653, 663, 672, 680, 708] 
56 3 2 1,[83, 246] 4,[379] 
57 2 1 1,[84, 263] 
58 2 2 1,[85] 3,[447] 
59 2 2 1,[90] 2,[85] 
60 1 1 1,[91] 
61 1 1 1,[96] 
62 12 3 1,[99, 171, 212, 396, 408] 3,[50, 344, 434, 570, 580] 4,[94, 610] 
63 1 1 1,[101] 
64 1 1 1,[102] 
65 1 1 1,[105] 
66 1 1 1,[106] 
67 1 1 1,[108] 
68 8 4 1,[110, 252, 324] 2,[39, 94] 3,[282] 4,[123, 626] 
69 2 1 1,[112, 326] 
70 2 2 1,[118] 3,[405] 
71 3 2 1,[120] 3,[326, 386] 
72 4 2 1,[121] 3,[308, 411, 539] 
73 2 2 1,[124] 3,[198] 
74 2 2 1,[125] 3,[280] 
75 1 1 1,[127] 
76 1 1 1,[128] 
77 1 1 1,[129] 
78 1 1 1,[131] 
79 4 3 1,[132, 191] 2,[51] 4,[143] 
80 6 3 1,[133, 283] 3,[15, 566, 576] 4,[110] 
81 2 1 1,[134, 362] 
82 1 1 1,[137] 
83 3 3 1,[141] 3,[559] 4,[594] 
84 1 1 1,[142] 
85 3 2 1,[143] 3,[393, 423] 
86 4 2 1,[145, 307] 3,[401, 417] 
87 2 1 1,[146, 327] 
88 7 2 1,[149, 163, 199, 330] 3,[106, 175, 558] 
89 2 2 1,[150] 3,[51] 
90 5 3 1,[152] 3,[55, 200] 4,[255, 573] 
91 2 2 1,[153] 3,[436] 
92 1 1 1,[165] 
93 3 3 1,[166] 2,[124] 3,[608] 
94 1 1 1,[167] 
95 1 1 1,[168] 
96 3 2 1,[172] 3,[187, 320] 
97 13 2 1,[173, 176, 204, 228, 335] 3,[127, 132, 141, 165, 293, 300, 357, 555] 
98 3 2 1,[174] 3,[128, 556] 
99 3 2 1,[177] 3,[133, 166] 
100 3 2 1,[179] 3,[251, 466] 
101 1 1 1,[180] 
102 2 2 1,[181] 3,[142] 
103 2 2 1,[182] 3,[203] 
104 14 2 1,[185] 3,[124, 136, 179, 186, 291, 297, 319, 324, 374, 477, 528, 549, 599] 
105 6 3 1,[186] 3,[137, 148, 529, 550] 4,[592] 
106 1 1 1,[187] 
107 2 2 1,[188] 3,[139] 
108 2 2 1,[190] 3,[153] 
109 5 3 1,[192, 234, 315] 2,[137] 4,[14] 
110 3 2 1,[194, 296] 4,[697] 
111 4 2 1,[200, 208, 331] 3,[449] 
112 12 2 1,[201, 332] 4,[39, 43, 149, 156, 294, 311, 313, 421, 692, 749] 
113 2 1 1,[203, 334] 
114 5 2 1,[205, 229, 336] 3,[294, 358] 
115 2 2 1,[206] 4,[367] 
116 1 1 1,[209] 
117 27 4 1,[213, 355, 388] 2,[104] 3,[56, 111, 201, 250, 262, 345, 398, 465, 493, 569, 579, 629] 4,[34, 58, 65, 70, 73, 104, 193, 404, 650, 670, 681] 
118 2 2 1,[214] 3,[346] 
119 2 2 1,[215] 3,[347] 
120 3 2 1,[216, 379] 3,[348] 
121 1 1 1,[217] 
122 1 1 1,[221] 
123 3 2 1,[222] 3,[349, 442] 
124 3 1 1,[224, 276, 285] 
125 13 3 1,[225, 412] 3,[469] 4,[88, 108, 185, 214, 250, 306, 517, 574, 585, 611] 
126 3 1 1,[226, 386, 413] 
127 2 2 1,[230] 3,[355] 
128 3 2 1,[231, 294] 2,[67] 
129 1 1 1,[232] 
130 1 1 1,[236] 
131 1 1 1,[237] 
132 1 1 1,[238] 
133 1 1 1,[240] 
134 2 2 1,[241] 4,[589] 
135 2 1 1,[242, 337] 
136 6 2 1,[243, 255, 338] 3,[489, 498, 513] 
137 3 2 1,[244] 3,[223, 407] 
138 3 3 1,[245] 2,[71] 4,[593] 
139 1 1 1,[247] 
140 3 3 1,[248] 3,[406] 4,[579] 
141 12 3 1,[251] 3,[195, 211, 248, 256, 270, 427, 431, 492, 506] 4,[605, 669] 
142 1 1 1,[253] 
143 1 1 1,[256] 
144 1 1 1,[257] 
145 1 1 1,[259] 
146 10 3 1,[260] 2,[11, 31, 65, 83, 109, 113, 119] 4,[269, 344] 
147 2 2 1,[262] 4,[690] 
148 7 2 1,[267, 288, 342] 3,[161, 169, 218, 232] 
149 15 3 1,[268, 297] 3,[16, 76, 102, 157, 363, 369, 463, 484, 628] 4,[87, 231, 536, 731] 
150 1 1 1,[272] 
151 1 1 1,[274] 
152 1 1 1,[275] 
153 4 3 1,[278] 3,[241] 4,[279, 621] 
154 8 3 1,[279, 381] 2,[136] 4,[15, 272, 275, 391, 665] 
155 3 2 1,[280] 3,[222, 243] 
156 2 2 1,[282] 3,[53] 
157 2 1 1,[289, 343] 
158 2 1 1,[290, 344] 
159 1 1 1,[291] 
160 5 3 1,[292] 3,[323] 4,[37, 577, 615] 
161 2 2 1,[293] 3,[202] 
162 1 1 1,[299] 
163 1 1 1,[305] 
164 1 1 1,[306] 
165 1 1 1,[308] 
166 2 2 1,[309] 3,[333] 
167 3 2 1,[312] 3,[181, 208] 
168 3 2 1,[313] 3,[182, 328] 
169 2 2 1,[314] 2,[106] 
170 1 1 1,[318] 
171 4 2 1,[347] 3,[7, 30, 90] 
172 1 1 1,[348] 
173 1 1 1,[350] 
174 1 1 1,[351] 
175 1 1 1,[352] 
176 1 1 1,[353] 
177 1 1 1,[356] 
178 1 1 1,[357] 
179 1 1 1,[360] 
180 1 1 1,[361] 
181 1 1 1,[365] 
182 1 1 1,[369] 
183 1 1 1,[373] 
184 1 1 1,[374] 
185 1 1 1,[375] 
186 5 4 1,[376, 384] 2,[128] 3,[611] 4,[554] 
187 6 4 1,[377, 385] 2,[129, 133] 3,[612] 4,[555] 
188 3 2 1,[378, 382] 4,[604] 
189 4 3 1,[380] 3,[613] 4,[19, 21] 
190 4 2 1,[383] 4,[225, 277, 361] 
191 1 1 1,[389] 
192 3 2 1,[390] 4,[303, 309] 
193 1 1 1,[391] 
194 3 2 1,[392, 419] 4,[725] 
195 1 1 1,[395] 
196 5 3 1,[397] 3,[52, 435] 4,[575, 612] 
197 1 1 1,[398] 
198 1 1 1,[399] 
199 3 2 1,[401] 4,[618, 723] 
200 6 3 1,[404, 418] 2,[132] 4,[271, 739, 741] 
201 2 2 1,[405] 4,[95] 
202 1 1 1,[407] 
203 1 1 1,[409] 
204 4 2 1,[411] 4,[254, 619, 646] 
205 1 1 1,[414] 
206 1 1 1,[416] 
207 1 1 1,[417] 
208 6 1 2,[1, 4, 22, 115, 140, 143] 
209 3 1 2,[2, 5, 116] 
210 1 1 2,[3] 
211 2 1 2,[6, 12] 
212 2 1 2,[7, 13] 
213 4 1 2,[8, 14, 63, 81] 
214 9 2 2,[9, 15, 30, 64, 108, 112, 118, 120] 3,[421] 
215 1 1 2,[10] 
216 11 3 2,[18, 25, 42] 3,[81, 335] 4,[82, 596, 609, 652, 702, 715] 
217 1 1 2,[20] 
218 5 2 2,[23, 28, 40, 45] 3,[27] 
219 2 1 2,[27, 44] 
220 4 3 2,[29, 46] 3,[33] 4,[382] 
221 2 2 2,[33] 3,[18] 
222 1 1 2,[34] 
223 8 3 2,[35, 56, 75, 145] 3,[28, 624] 4,[167, 508] 
224 5 1 2,[37, 50, 59, 72, 78] 
225 3 2 2,[38] 3,[10, 219] 
226 3 1 2,[47, 61, 80] 
227 1 1 2,[48] 
228 1 1 2,[49] 
229 9 2 2,[52] 4,[35, 200, 209, 229, 248, 261, 265, 691] 
230 3 2 2,[54] 4,[121, 383] 
231 1 1 2,[62] 
232 6 2 2,[66, 69, 114] 4,[163, 281, 756] 
233 1 1 2,[73] 
234 1 1 2,[74] 
235 1 1 2,[82] 
236 2 2 2,[86] 3,[220] 
237 2 2 2,[88] 3,[225] 
238 4 2 2,[91] 4,[287, 343, 712] 
239 1 1 2,[92] 
240 1 1 2,[95] 
241 1 1 2,[98] 
242 4 2 2,[99] 3,[176, 236, 402] 
243 2 2 2,[101] 3,[351] 
244 3 3 2,[102] 3,[352] 4,[267] 
245 1 1 2,[103] 
246 1 1 2,[105] 
247 1 1 2,[110] 
248 2 2 2,[111] 4,[644] 
249 3 2 2,[117] 4,[162, 755] 
250 1 1 2,[122] 
251 2 1 2,[123, 127] 
252 5 3 2,[126] 3,[610, 631] 4,[44, 534] 
253 1 1 2,[130] 
254 1 1 2,[131] 
255 5 3 2,[134] 3,[604] 4,[22, 511, 535] 
256 5 2 2,[138] 4,[224, 260, 552, 735] 
257 1 1 2,[139] 
258 7 3 2,[141] 3,[607] 4,[41, 173, 191, 204, 223] 
259 5 2 2,[142] 4,[47, 430, 433, 503] 
260 3 2 2,[144] 3,[623, 636] 
261 4 3 2,[146] 3,[625] 4,[509, 636] 
262 3 3 2,[147] 3,[626] 4,[510] 
263 4 1 3,[1, 42, 481, 590] 
264 3 1 3,[8, 59, 302] 
265 7 2 3,[11, 26, 375, 379, 387] 4,[235, 373] 
266 1 1 3,[12] 
267 1 1 3,[14] 
268 8 1 3,[17, 23, 82, 563, 573, 606, 614, 627] 
269 1 1 3,[19] 
270 1 1 3,[20] 
271 2 2 3,[21] 4,[601] 
272 1 1 3,[22] 
273 1 1 3,[24] 
274 1 1 3,[25] 
275 1 1 3,[29] 
276 2 2 3,[31] 4,[11] 
277 1 1 3,[32] 
278 1 1 3,[34] 
279 1 1 3,[35] 
280 1 1 3,[36] 
281 2 1 3,[57, 494] 
282 1 1 3,[61] 
283 1 1 3,[66] 
284 1 1 3,[71] 
285 1 1 3,[72] 
286 1 1 3,[73] 
287 8 1 3,[77, 147, 185, 194, 247, 318, 343, 464] 
288 5 2 3,[78, 485, 515, 554] 4,[354] 
289 1 1 3,[80] 
290 3 1 3,[84, 298, 600] 
291 2 1 3,[85, 603] 
292 1 1 3,[88] 
293 2 2 3,[93] 4,[683] 
294 1 1 3,[94] 
295 1 1 3,[96] 
296 1 1 3,[97] 
297 1 1 3,[98] 
298 2 1 3,[99, 263] 
299 1 1 3,[112] 
300 1 1 3,[113] 
301 2 2 3,[117] 4,[377] 
302 1 1 3,[119] 
303 1 1 3,[120] 
304 1 1 3,[121] 
305 1 1 3,[122] 
306 2 1 3,[125, 450] 
307 1 1 3,[149] 
308 2 1 3,[150, 438] 
309 3 1 3,[154, 311, 552] 
310 1 1 3,[164] 
311 1 1 3,[171] 
312 3 2 3,[189, 452] 4,[317] 
313 2 1 3,[191, 531] 
314 1 1 3,[196] 
315 2 1 3,[197, 216] 
316 1 1 3,[206] 
317 1 1 3,[212] 
318 2 1 3,[213, 229] 
319 1 1 3,[226] 
320 1 1 3,[228] 
321 1 1 3,[230] 
322 1 1 3,[234] 
323 1 1 3,[235] 
324 4 2 3,[240] 4,[249, 305, 342] 
325 1 1 3,[244] 
326 4 1 3,[249, 259, 274, 473] 
327 2 1 3,[252, 467] 
328 2 1 3,[253, 476] 
329 1 1 3,[257] 
330 1 1 3,[258] 
331 2 1 3,[261, 287] 
332 2 1 3,[264, 424] 
333 2 1 3,[265, 284] 
334 1 1 3,[266] 
335 1 1 3,[271] 
336 2 1 3,[272, 279] 
337 1 1 3,[275] 
338 1 1 3,[278] 
339 1 1 3,[283] 
340 1 1 3,[285] 
341 1 1 3,[288] 
342 1 1 3,[292] 
343 1 1 3,[301] 
344 1 1 3,[305] 
345 1 1 3,[306] 
346 4 2 3,[309, 530, 540] 4,[336] 
347 3 1 3,[310, 415, 551] 
348 2 1 3,[312, 553] 
349 1 1 3,[314] 
350 2 1 3,[321, 339] 
351 1 1 3,[322] 
352 1 1 3,[329] 
353 1 1 3,[331] 
354 2 1 3,[337, 377] 
355 1 1 3,[340] 
356 3 1 3,[353, 382, 399] 
357 1 1 3,[354] 
358 1 1 3,[359] 
359 1 1 3,[360] 
360 1 1 3,[370] 
361 2 1 3,[380, 388] 
362 1 1 3,[383] 
363 1 1 3,[384] 
364 1 1 3,[390] 
365 1 1 3,[394] 
366 2 2 3,[414] 4,[598] 
367 1 1 3,[419] 
368 3 1 3,[428, 432, 462] 
369 1 1 3,[439] 
370 1 1 3,[440] 
371 1 1 3,[446] 
372 1 1 3,[448] 
373 3 2 3,[454, 594] 4,[12] 
374 1 1 3,[455] 
375 3 2 3,[456] 4,[263, 698] 
376 1 1 3,[458] 
377 1 1 3,[459] 
378 1 1 3,[460] 
379 1 1 3,[461] 
380 1 1 3,[468] 
381 1 1 3,[471] 
382 1 1 3,[479] 
383 1 1 3,[480] 
384 3 1 3,[487, 496, 511] 
385 2 2 3,[501] 4,[729] 
386 2 2 3,[507] 4,[257] 
387 2 2 3,[510] 4,[151] 
388 1 1 3,[516] 
389 2 1 3,[517, 524] 
390 2 1 3,[518, 522] 
391 2 1 3,[519, 546] 
392 3 1 3,[520, 536, 541] 
393 1 1 3,[534] 
394 1 1 3,[542] 
395 1 1 3,[543] 
396 1 1 3,[560] 
397 5 2 3,[561] 4,[145, 168, 182, 546] 
398 2 1 3,[562, 572] 
399 2 1 3,[564, 574] 
400 2 1 3,[565, 575] 
401 4 2 3,[567, 577] 4,[112, 134] 
402 2 1 3,[571, 581] 
403 1 1 3,[582] 
404 1 1 3,[583] 
405 1 1 3,[584] 
406 2 2 3,[585] 4,[348] 
407 3 2 3,[586, 588] 4,[378] 
408 1 1 3,[587] 
409 1 1 3,[591] 
410 1 1 3,[592] 
411 1 1 3,[595] 
412 1 1 3,[596] 
413 1 1 3,[597] 
414 1 1 3,[615] 
415 2 2 3,[616] 4,[227] 
416 2 2 3,[617] 4,[286] 
417 9 2 3,[618] 4,[501, 559, 606, 617, 655, 666, 704, 722] 
418 1 1 3,[619] 
419 13 2 3,[620] 4,[436, 439, 442, 445, 448, 451, 454, 457, 460, 463, 466, 469] 
420 4 2 3,[621, 634] 4,[124, 318] 
421 2 1 3,[622, 635] 
422 1 1 3,[630] 
423 1 1 3,[632] 
424 6 1 4,[1, 23, 53, 92, 117, 323] 
425 4 1 4,[2, 24, 63, 324] 
426 4 1 4,[4, 26, 71, 326] 
427 4 1 4,[5, 27, 75, 327] 
428 4 1 4,[6, 28, 80, 328] 
429 5 1 4,[7, 29, 81, 85, 329] 
430 4 1 4,[8, 30, 74, 330] 
431 5 1 4,[10, 32, 62, 142, 332] 
432 4 1 4,[13, 158, 296, 751] 
433 1 1 4,[16] 
434 2 1 4,[17, 210] 
435 2 1 4,[18, 528] 
436 2 1 4,[20, 558] 
437 1 1 4,[33] 
438 2 1 4,[36, 724] 
439 1 1 4,[38] 
440 1 1 4,[40] 
441 3 1 4,[45, 429, 465] 
442 1 1 4,[46] 
443 1 1 4,[48] 
444 1 1 4,[49] 
445 1 1 4,[51] 
446 2 1 4,[54, 93] 
447 1 1 4,[55] 
448 1 1 4,[56] 
449 1 1 4,[59] 
450 1 1 4,[60] 
451 2 1 4,[66, 120] 
452 1 1 4,[68] 
453 1 1 4,[79] 
454 1 1 4,[86] 
455 1 1 4,[89] 
456 3 1 4,[97, 634, 642] 
457 1 1 4,[98] 
458 1 1 4,[99] 
459 1 1 4,[100] 
460 2 1 4,[101, 114] 
461 3 1 4,[102, 115, 244] 
462 2 1 4,[105, 564] 
463 1 1 4,[106] 
464 1 1 4,[107] 
465 1 1 4,[109] 
466 1 1 4,[111] 
467 2 1 4,[113, 135] 
468 1 1 4,[125] 
469 3 1 4,[127, 351, 529] 
470 1 1 4,[128] 
471 1 1 4,[131] 
472 1 1 4,[133] 
473 3 1 4,[137, 444, 480] 
474 12 1 4,[138, 472, 475, 478, 481, 484, 487, 490, 493, 496, 499, 502] 
475 1 1 4,[140] 
476 1 1 4,[141] 
477 1 1 4,[144] 
478 3 1 4,[146, 288, 734] 
479 8 1 4,[148, 154, 292, 425, 505, 514, 571, 747] 
480 1 1 4,[150] 
481 1 1 4,[152] 
482 6 1 4,[155, 293, 506, 515, 572, 748] 
483 3 1 4,[157, 295, 750] 
484 2 1 4,[159, 752] 
485 2 1 4,[160, 753] 
486 1 1 4,[164] 
487 1 1 4,[166] 
488 2 1 4,[170, 568] 
489 4 1 4,[172, 190, 203, 222] 
490 4 1 4,[176, 220, 240, 522] 
491 2 1 4,[179, 614] 
492 3 1 4,[186, 216, 518] 
493 4 1 4,[188, 196, 218, 520] 
494 1 1 4,[194] 
495 2 1 4,[197, 538] 
496 2 1 4,[201, 308] 
497 1 1 4,[206] 
498 1 1 4,[211] 
499 1 1 4,[212] 
500 1 1 4,[213] 
501 1 1 4,[215] 
502 3 1 4,[230, 262, 661] 
503 2 1 4,[232, 658] 
504 1 1 4,[236] 
505 1 1 4,[238] 
506 1 1 4,[245] 
507 1 1 4,[247] 
508 1 1 4,[252] 
509 2 1 4,[253, 543] 
510 1 1 4,[256] 
511 1 1 4,[258] 
512 1 1 4,[266] 
513 1 1 4,[270] 
514 1 1 4,[274] 
515 1 1 4,[276] 
516 1 1 4,[278] 
517 1 1 4,[280] 
518 1 1 4,[284] 
519 1 1 4,[285] 
520 1 1 4,[290] 
521 2 1 4,[291, 736] 
522 1 1 4,[297] 
523 1 1 4,[298] 
524 1 1 4,[300] 
525 1 1 4,[301] 
526 1 1 4,[302] 
527 2 1 4,[304, 737] 
528 2 1 4,[310, 525] 
529 2 1 4,[312, 314] 
530 1 1 4,[315] 
531 1 1 4,[316] 
532 1 1 4,[319] 
533 3 1 4,[321, 462, 498] 
534 2 1 4,[322, 385] 
535 1 1 4,[333] 
536 1 1 4,[334] 
537 1 1 4,[335] 
538 2 1 4,[337, 357] 
539 1 1 4,[338] 
540 1 1 4,[339] 
541 1 1 4,[340] 
542 1 1 4,[341] 
543 1 1 4,[349] 
544 1 1 4,[350] 
545 2 1 4,[352, 745] 
546 1 1 4,[355] 
547 1 1 4,[356] 
548 1 1 4,[358] 
549 3 1 4,[360, 402, 551] 
550 2 1 4,[363, 397] 
551 1 1 4,[364] 
552 1 1 4,[365] 
553 1 1 4,[366] 
554 1 1 4,[368] 
555 1 1 4,[369] 
556 1 1 4,[371] 
557 1 1 4,[374] 
558 1 1 4,[375] 
559 1 1 4,[376] 
560 1 1 4,[380] 
561 1 1 4,[381] 
562 1 1 4,[386] 
563 1 1 4,[388] 
564 1 1 4,[390] 
565 1 1 4,[392] 
566 1 1 4,[393] 
567 1 1 4,[394] 
568 1 1 4,[396] 
569 1 1 4,[398] 
570 2 1 4,[400, 417] 
571 1 1 4,[401] 
572 1 1 4,[403] 
573 1 1 4,[405] 
574 1 1 4,[406] 
575 1 1 4,[407] 
576 1 1 4,[409] 
577 1 1 4,[411] 
578 1 1 4,[412] 
579 1 1 4,[413] 
580 1 1 4,[415] 
581 1 1 4,[416] 
582 1 1 4,[418] 
583 1 1 4,[419] 
584 1 1 4,[420] 
585 1 1 4,[422] 
586 1 1 4,[423] 
587 1 1 4,[424] 
588 1 1 4,[426] 
589 1 1 4,[427] 
590 1 1 4,[428] 
591 1 1 4,[431] 
592 2 1 4,[432, 468] 
593 1 1 4,[434] 
594 2 1 4,[435, 471] 
595 1 1 4,[437] 
596 2 1 4,[438, 474] 
597 1 1 4,[440] 
598 2 1 4,[441, 477] 
599 1 1 4,[443] 
600 1 1 4,[446] 
601 2 1 4,[447, 483] 
602 1 1 4,[449] 
603 2 1 4,[450, 486] 
604 1 1 4,[452] 
605 2 1 4,[453, 489] 
606 1 1 4,[455] 
607 1 1 4,[458] 
608 2 1 4,[459, 495] 
609 1 1 4,[461] 
610 2 1 4,[464, 482] 
611 1 1 4,[467] 
612 1 1 4,[470] 
613 1 1 4,[473] 
614 1 1 4,[476] 
615 1 1 4,[479] 
616 1 1 4,[485] 
617 1 1 4,[488] 
618 1 1 4,[491] 
619 1 1 4,[494] 
620 1 1 4,[497] 
621 1 1 4,[500] 
622 1 1 4,[504] 
623 1 1 4,[507] 
624 4 1 4,[524, 603, 622, 648] 
625 2 1 4,[530, 553] 
626 2 1 4,[532, 566] 
627 1 1 4,[537] 
628 1 1 4,[540] 
629 1 1 4,[541] 
630 1 1 4,[542] 
631 1 1 4,[544] 
632 1 1 4,[545] 
633 1 1 4,[548] 
634 2 1 4,[550, 613] 
635 1 1 4,[557] 
636 1 1 4,[560] 
637 1 1 4,[562] 
638 1 1 4,[576] 
639 1 1 4,[581] 
640 1 1 4,[582] 
641 1 1 4,[586] 
642 1 1 4,[588] 
643 1 1 4,[590] 
644 4 1 4,[595, 651, 687, 714] 
645 1 1 4,[597] 
646 4 1 4,[607, 623, 656, 705] 
647 1 1 4,[608] 
648 1 1 4,[624] 
649 1 1 4,[627] 
650 1 1 4,[629] 
651 1 1 4,[631] 
652 1 1 4,[633] 
653 1 1 4,[635] 
654 1 1 4,[637] 
655 1 1 4,[639] 
656 1 1 4,[640] 
657 1 1 4,[645] 
658 1 1 4,[647] 
659 1 1 4,[649] 
660 1 1 4,[662] 
661 1 1 4,[667] 
662 2 1 4,[671, 738] 
663 1 1 4,[674] 
664 2 1 4,[675, 707] 
665 1 1 4,[679] 
666 1 1 4,[682] 
667 1 1 4,[686] 
668 2 1 4,[688, 703] 
669 1 1 4,[693] 
670 1 1 4,[694] 
671 1 1 4,[695] 
672 1 1 4,[710] 
673 1 1 4,[713] 
674 1 1 4,[717] 
675 1 1 4,[718] 
676 1 1 4,[719] 
677 1 1 4,[732] 
678 1 1 4,[733] 
679 1 1 4,[742] 
