1	0	39	2
2	187	60	2
3	471	12	4
4	537	14	3
5	611	7	2
6	648	52	4
7	900	39	4
8	1097	68	4
9	1420	3	1
10	1439	12	4
11	1511	6	2
12	1548	3	2
13	1570	2	2
14	1586	1	1
15	1596	8	3
16	1643	8	3
17	1692	6	2
18	1730	15	4
19	1815	19	4
20	1919	6	2
21	1956	4	3
22	1984	18	3
23	2084	7	2
24	2124	1	1
25	2134	11	3
26	2200	1	1
27	2210	29	4
28	2362	5	2
29	2395	3	2
30	2417	1	1
31	2427	14	4
32	2504	4	1
33	2530	10	2
34	2584	5	1
35	2614	1	1
36	2624	35	4
37	2804	2	2
38	2820	1	1
39	2830	9	3
40	2881	1	1
41	2891	1	1
42	2901	1	1
43	2911	2	1
44	2926	1	1
45	2936	5	4
46	2968	3	1
47	2988	2	1
48	3002	11	4
49	3064	5	3
50	3095	1	1
51	3105	16	4
52	3196	1	1
53	3206	9	3
54	3259	2	2
55	3275	57	4
56	3555	3	2
57	3577	2	1
58	3593	2	2
59	3609	2	2
60	3624	1	1
61	3634	1	1
62	3644	12	3
63	3713	1	1
64	3724	1	1
65	3735	1	1
66	3746	1	1
67	3757	1	1
68	3768	8	4
69	3818	2	1
70	3835	2	2
71	3852	3	2
72	3874	4	2
73	3903	2	2
74	3920	2	2
75	3937	1	1
76	3948	1	1
77	3959	1	1
78	3970	1	1
79	3981	4	3
80	4008	6	3
81	4047	2	1
82	4064	1	1
83	4075	3	3
84	4098	1	1
85	4109	3	2
86	4131	4	2
87	4159	2	1
88	4176	7	2
89	4220	2	2
90	4236	5	3
91	4270	2	2
92	4287	1	1
93	4298	3	3
94	4321	1	1
95	4332	1	1
96	4343	3	2
97	4366	13	2
98	4437	3	2
99	4460	3	2
100	4482	3	2
101	4506	1	1
102	4518	2	2
103	4536	2	2
104	4554	14	2
105	4631	6	3
106	4671	1	1
107	4683	2	2
108	4701	2	2
109	4719	5	3
110	4752	3	2
111	4776	4	2
112	4804	12	2
113	4873	2	1
114	4891	5	2
115	4925	2	2
116	4943	1	1
117	4955	27	4
118	5098	2	2
119	5116	2	2
120	5134	3	2
121	5158	1	1
122	5170	1	1
123	5182	3	2
124	5205	3	1
125	5226	13	3
126	5301	3	1
127	5324	2	2
128	5342	3	2
129	5364	1	1
130	5376	1	1
131	5388	1	1
132	5400	1	1
133	5412	1	1
134	5424	2	2
135	5442	2	1
136	5459	6	2
137	5496	3	2
138	5520	3	3
139	5543	1	1
140	5555	3	3
141	5579	12	3
142	5647	1	1
143	5659	1	1
144	5671	1	1
145	5683	1	1
146	5695	10	3
147	5751	2	2
148	5769	7	2
149	5811	15	3
150	5897	1	1
151	5909	1	1
152	5921	1	1
153	5933	4	3
154	5963	8	3
155	6014	3	2
156	6037	2	2
157	6054	2	1
158	6071	2	1
159	6088	1	1
160	6100	5	3
161	6134	2	2
162	6152	1	1
163	6164	1	1
164	6176	1	1
165	6188	1	1
166	6200	2	2
167	6218	3	2
168	6241	3	2
169	6265	2	2
170	6283	1	1
171	6295	4	2
172	6321	1	1
173	6333	1	1
174	6345	1	1
175	6357	1	1
176	6369	1	1
177	6381	1	1
178	6393	1	1
179	6405	1	1
180	6417	1	1
181	6429	1	1
182	6441	1	1
183	6453	1	1
184	6465	1	1
185	6477	1	1
186	6489	5	4
187	6523	6	4
188	6561	3	2
189	6583	4	3
190	6610	4	2
191	6638	1	1
192	6650	3	2
193	6672	1	1
194	6684	3	2
195	6707	1	1
196	6719	5	3
197	6753	1	1
198	6765	1	1
199	6777	3	2
200	6801	6	3
201	6840	2	2
202	6857	1	1
203	6869	1	1
204	6881	4	2
205	6910	1	1
206	6922	1	1
207	6934	1	1
208	6946	6	1
209	6979	3	1
210	6999	1	1
211	7009	2	1
212	7023	2	1
213	7037	4	1
214	7061	9	2
215	7108	1	1
216	7119	11	3
217	7181	1	1
218	7192	5	2
219	7221	2	1
220	7237	4	3
221	7264	2	2
222	7280	1	1
223	7291	8	3
224	7340	5	1
225	7369	3	2
226	7391	3	1
227	7412	1	1
228	7423	1	1
229	7434	9	2
230	7485	3	2
231	7508	1	1
232	7519	6	2
233	7557	1	1
234	7568	1	1
235	7579	1	1
236	7590	2	2
237	7607	2	2
238	7624	4	2
239	7652	1	1
240	7663	1	1
241	7674	1	1
242	7685	4	2
243	7713	2	2
244	7731	3	3
245	7755	1	1
246	7767	1	1
247	7779	1	1
248	7791	2	2
249	7809	3	2
250	7833	1	1
251	7845	2	1
252	7861	5	3
253	7895	1	1
254	7907	1	1
255	7919	5	3
256	7953	5	2
257	7988	1	1
258	8000	7	3
259	8044	5	2
260	8076	3	2
261	8099	4	3
262	8129	3	3
263	8153	4	1
264	8180	3	1
265	8201	7	2
266	8243	1	1
267	8254	1	1
268	8265	8	1
269	8310	1	1
270	8321	1	1
271	8332	2	2
272	8349	1	1
273	8360	1	1
274	8371	1	1
275	8382	1	1
276	8393	2	2
277	8409	1	1
278	8420	1	1
279	8431	1	1
280	8442	1	1
281	8453	2	1
282	8470	1	1
283	8481	1	1
284	8492	1	1
285	8503	1	1
286	8514	1	1
287	8525	8	1
288	8571	5	2
289	8604	1	1
290	8615	3	1
291	8638	2	1
292	8655	1	1
293	8666	2	2
294	8683	1	1
295	8694	1	1
296	8705	1	1
297	8716	1	1
298	8727	2	1
299	8744	1	1
300	8756	1	1
301	8768	2	2
302	8786	1	1
303	8798	1	1
304	8810	1	1
305	8822	1	1
306	8834	2	1
307	8852	1	1
308	8864	2	1
309	8882	3	1
310	8906	1	1
311	8918	1	1
312	8930	3	2
313	8954	2	1
314	8972	1	1
315	8984	2	1
316	9001	1	1
317	9013	1	1
318	9025	2	1
319	9042	1	1
320	9054	1	1
321	9066	1	1
322	9078	1	1
323	9090	1	1
324	9102	4	2
325	9130	1	1
326	9142	4	1
327	9170	2	1
328	9188	2	1
329	9206	1	1
330	9218	1	1
331	9230	2	1
332	9247	2	1
333	9265	2	1
334	9282	1	1
335	9294	1	1
336	9306	2	1
337	9322	1	1
338	9334	1	1
339	9346	1	1
340	9358	1	1
341	9370	1	1
342	9382	1	1
343	9394	1	1
344	9406	1	1
345	9418	1	1
346	9430	4	2
347	9459	3	1
348	9483	2	1
349	9501	1	1
350	9513	2	1
351	9530	1	1
352	9542	1	1
353	9554	1	1
354	9566	2	1
355	9583	1	1
356	9595	3	1
357	9617	1	1
358	9629	1	1
359	9641	1	1
360	9653	1	1
361	9665	2	1
362	9681	1	1
363	9693	1	1
364	9705	1	1
365	9717	1	1
366	9729	2	2
367	9747	1	1
368	9759	3	1
369	9780	1	1
370	9792	1	1
371	9804	1	1
372	9816	1	1
373	9828	3	2
374	9851	1	1
375	9863	3	2
376	9887	1	1
377	9899	1	1
378	9911	1	1
379	9923	1	1
380	9935	1	1
381	9947	1	1
382	9959	1	1
383	9971	1	1
384	9983	3	1
385	10004	2	2
386	10022	2	2
387	10040	2	2
388	10058	1	1
389	10070	2	1
390	10086	2	1
391	10102	2	1
392	10119	3	1
393	10140	1	1
394	10152	1	1
395	10164	1	1
396	10176	1	1
397	10188	5	2
398	10222	2	1
399	10239	2	1
400	10256	2	1
401	10273	4	2
402	10301	2	1
403	10318	1	1
404	10330	1	1
405	10342	1	1
406	10354	2	2
407	10372	3	2
408	10394	1	1
409	10406	1	1
410	10418	1	1
411	10430	1	1
412	10442	1	1
413	10454	1	1
414	10466	1	1
415	10478	2	2
416	10496	2	2
417	10514	9	2
418	10567	1	1
419	10579	13	2
420	10641	4	2
421	10670	2	1
422	10687	1	1
423	10699	1	1
424	10711	6	1
425	10747	4	1
426	10773	4	1
427	10799	4	1
428	10825	4	1
429	10851	5	1
430	10881	4	1
431	10907	5	1
432	10939	4	1
433	10968	1	1
434	10979	2	1
435	10996	2	1
436	11013	2	1
437	11030	1	1
438	11041	2	1
439	11058	1	1
440	11069	1	1
441	11080	3	1
442	11102	1	1
443	11113	1	1
444	11124	1	1
445	11135	1	1
446	11146	2	1
447	11162	1	1
448	11173	1	1
449	11184	1	1
450	11195	1	1
451	11206	2	1
452	11222	1	1
453	11233	1	1
454	11244	1	1
455	11255	1	1
456	11266	3	1
457	11287	1	1
458	11298	1	1
459	11309	1	1
460	11321	2	1
461	11338	3	1
462	11361	2	1
463	11379	1	1
464	11391	1	1
465	11403	1	1
466	11415	1	1
467	11427	2	1
468	11444	1	1
469	11456	3	1
470	11480	1	1
471	11492	1	1
472	11504	1	1
473	11516	3	1
474	11539	12	1
475	11597	1	1
476	11609	1	1
477	11621	1	1
478	11633	3	1
479	11657	8	1
480	11705	1	1
481	11717	1	1
482	11729	6	1
483	11768	3	1
484	11792	2	1
485	11810	2	1
486	11828	1	1
487	11840	1	1
488	11852	2	1
489	11870	4	1
490	11897	4	1
491	11925	2	1
492	11943	3	1
493	11966	4	1
494	11993	1	1
495	12005	2	1
496	12023	2	1
497	12041	1	1
498	12053	1	1
499	12065	1	1
500	12077	1	1
501	12089	1	1
502	12101	3	1
503	12124	2	1
504	12142	1	1
505	12154	1	1
506	12166	1	1
507	12178	1	1
508	12190	1	1
509	12202	2	1
510	12220	1	1
511	12232	1	1
512	12244	1	1
513	12256	1	1
514	12268	1	1
515	12280	1	1
516	12292	1	1
517	12304	1	1
518	12316	1	1
519	12328	1	1
520	12340	1	1
521	12352	2	1
522	12370	1	1
523	12382	1	1
524	12394	1	1
525	12406	1	1
526	12418	1	1
527	12430	2	1
528	12448	2	1
529	12466	2	1
530	12482	1	1
531	12494	1	1
532	12506	1	1
533	12518	3	1
534	12541	2	1
535	12558	1	1
536	12570	1	1
537	12582	1	1
538	12594	2	1
539	12611	1	1
540	12623	1	1
541	12635	1	1
542	12647	1	1
543	12659	1	1
544	12671	1	1
545	12683	2	1
546	12701	1	1
547	12713	1	1
548	12725	1	1
549	12737	3	1
550	12760	2	1
551	12777	1	1
552	12789	1	1
553	12801	1	1
554	12813	1	1
555	12825	1	1
556	12837	1	1
557	12849	1	1
558	12861	1	1
559	12873	1	1
560	12885	1	1
561	12897	1	1
562	12909	1	1
563	12921	1	1
564	12933	1	1
565	12945	1	1
566	12957	1	1
567	12969	1	1
568	12981	1	1
569	12993	1	1
570	13005	2	1
571	13022	1	1
572	13034	1	1
573	13046	1	1
574	13058	1	1
575	13070	1	1
576	13082	1	1
577	13094	1	1
578	13106	1	1
579	13118	1	1
580	13130	1	1
581	13142	1	1
582	13154	1	1
583	13166	1	1
584	13178	1	1
585	13190	1	1
586	13202	1	1
587	13214	1	1
588	13226	1	1
589	13238	1	1
590	13250	1	1
591	13262	1	1
592	13274	2	1
593	13291	1	1
594	13303	2	1
595	13320	1	1
596	13332	2	1
597	13349	1	1
598	13361	2	1
599	13378	1	1
600	13390	1	1
601	13402	2	1
602	13419	1	1
603	13431	2	1
604	13448	1	1
605	13460	2	1
606	13477	1	1
607	13489	1	1
608	13501	2	1
609	13518	1	1
610	13530	2	1
611	13547	1	1
612	13559	1	1
613	13571	1	1
614	13583	1	1
615	13595	1	1
616	13607	1	1
617	13619	1	1
618	13631	1	1
619	13643	1	1
620	13655	1	1
621	13667	1	1
622	13679	1	1
623	13691	1	1
624	13703	4	1
625	13730	2	1
626	13747	2	1
627	13764	1	1
628	13776	1	1
629	13788	1	1
630	13800	1	1
631	13812	1	1
632	13824	1	1
633	13836	1	1
634	13848	2	1
635	13865	1	1
636	13877	1	1
637	13889	1	1
638	13901	1	1
639	13913	1	1
640	13925	1	1
641	13937	1	1
642	13949	1	1
643	13961	1	1
644	13973	4	1
645	14000	1	1
646	14012	4	1
647	14039	1	1
648	14051	1	1
649	14063	1	1
650	14075	1	1
651	14087	1	1
652	14099	1	1
653	14111	1	1
654	14123	1	1
655	14135	1	1
656	14147	1	1
657	14159	1	1
658	14171	1	1
659	14183	1	1
660	14195	1	1
661	14207	1	1
662	14219	2	1
663	14236	1	1
664	14248	2	1
665	14265	1	1
666	14277	1	1
667	14289	1	1
668	14301	2	1
669	14318	1	1
670	14330	1	1
671	14342	1	1
672	14354	1	1
673	14366	1	1
674	14378	1	1
675	14390	1	1
676	14402	1	1
677	14414	1	1
678	14426	1	1
679	14438	1	1
