1	1	1	32	44	92	113	154	169	210
1	2	2	6	20	30	33	45	64	93	114	155	170	196	211	249	258	264	277	284	301	316	339	345	349	366	370
1	3	3	15	62	94	302	317	346
1	4	4	9	39	95	303	320	372
1	5	5	304
1	6	7	46	59	78	115	130	139	144	156	183	197	265	310	340	359	367	371
1	7	8	162	198	227	239	266	287	341	368	394
1	8	10	12	50	75	87	100	148	193	235	273	322	329	364	400	403
1	9	11	13	323
1	10	14	98	207	223	269
1	11	16	107	233	270	295
1	12	17	271
1	13	18
1	14	19
1	15	21
1	16	22	159	298
1	17	23	52	160	281
1	18	24	53	161	202	333
1	19	25	54	393	406	420
1	20	26	88	136	151	321
1	21	27	178
1	22	28	61	219	410
1	23	29
1	24	31
1	25	34	158	184
1	26	35
1	27	36	89	218	286	387
1	28	37	175	311
1	29	38	140
1	30	40
1	31	41
1	32	42	82	123	250
1	33	43	109	111	122	138	325
1	34	47	70	104	116	157
1	35	48
1	36	49	119	126	164	189	261	319
1	37	51
1	38	55
1	39	56
1	40	57
1	41	58
1	42	60
1	43	63	97
1	44	65
1	45	66
1	46	67	76	358
1	47	68	71
1	48	69	415
1	49	72
1	50	73
1	51	74	195	300	363
1	52	77
1	53	79	117	135
1	54	80
1	55	81	86	103	147	220	254	328	354	402
1	56	83	246
1	57	84	263
1	58	85
1	59	90
1	60	91
1	61	96
1	62	99	171	212	396	408
1	63	101
1	64	102
1	65	105
1	66	106
1	67	108
1	68	110	252	324
1	69	112	326
1	70	118
1	71	120
1	72	121
1	73	124
1	74	125
1	75	127
1	76	128
1	77	129
1	78	131
1	79	132	191
1	80	133	283
1	81	134	362
1	82	137
1	83	141
1	84	142
1	85	143
1	86	145	307
1	87	146	327
1	88	149	163	199	330
1	89	150
1	90	152
1	91	153
1	92	165
1	93	166
1	94	167
1	95	168
1	96	172
1	97	173	176	204	228	335
1	98	174
1	99	177
1	100	179
1	101	180
1	102	181
1	103	182
1	104	185
1	105	186
1	106	187
1	107	188
1	108	190
1	109	192	234	315
1	110	194	296
1	111	200	208	331
1	112	201	332
1	113	203	334
1	114	205	229	336
1	115	206
1	116	209
1	117	213	355	388
1	118	214
1	119	215
1	120	216	379
1	121	217
1	122	221
1	123	222
1	124	224	276	285
1	125	225	412
1	126	226	386	413
1	127	230
1	128	231	294
1	129	232
1	130	236
1	131	237
1	132	238
1	133	240
1	134	241
1	135	242	337
1	136	243	255	338
1	137	244
1	138	245
1	139	247
1	140	248
1	141	251
1	142	253
1	143	256
1	144	257
1	145	259
1	146	260
1	147	262
1	148	267	288	342
1	149	268	297
1	150	272
1	151	274
1	152	275
1	153	278
1	154	279	381
1	155	280
1	156	282
1	157	289	343
1	158	290	344
1	159	291
1	160	292
1	161	293
1	162	299
1	163	305
1	164	306
1	165	308
1	166	309
1	167	312
1	168	313
1	169	314
1	170	318
1	171	347
1	172	348
1	173	350
1	174	351
1	175	352
1	176	353
1	177	356
1	178	357
1	179	360
1	180	361
1	181	365
1	182	369
1	183	373
1	184	374
1	185	375
1	186	376	384
1	187	377	385
1	188	378	382
1	189	380
1	190	383
1	191	389
1	192	390
1	193	391
1	194	392	419
1	195	395
1	196	397
1	197	398
1	198	399
1	199	401
1	200	404	418
1	201	405
1	202	407
1	203	409
1	204	411
1	205	414
1	206	416
1	207	417
2	208	1	4	22	115	140	143
2	209	2	5	116
2	210	3
2	211	6	12
2	212	7	13
2	213	8	14	63	81
2	214	9	15	30	64	108	112	118	120
2	215	10
2	146	11	31	65	83	109	113	119
2	36	16	121
2	27	17	55	84
2	216	18	25	42
2	7	19	26	36	43	58	77	97
2	217	20
2	48	21	24	41
2	218	23	28	40	45
2	219	27	44
2	220	29	46
2	31	32	135
2	221	33
2	222	34
2	223	35	56	75	145
2	224	37	50	59	72	78
2	225	38
2	68	39	94
2	226	47	61	80
2	227	48
2	228	49
2	79	51
2	229	52
2	6	53
2	230	54
2	55	57	76	125
2	45	60	79
2	231	62
2	232	66	69	114
2	128	67
2	10	68
2	51	70	89
2	138	71
2	233	73
2	234	74
2	235	82
2	59	85
2	236	86
2	19	87	100
2	237	88
2	8	90
2	238	91
2	239	92
2	3	93
2	240	95
2	18	96
2	241	98
2	242	99
2	243	101
2	244	102
2	245	103
2	117	104
2	246	105
2	169	106
2	11	107
2	247	110
2	248	111
2	249	117
2	250	122
2	251	123	127
2	93	124
2	252	126
2	186	128
2	187	129	133
2	253	130
2	254	131
2	200	132
2	255	134
2	154	136
2	109	137
2	256	138
2	257	139
2	258	141
2	259	142
2	260	144
2	261	146
2	262	147
3	263	1	42	481	590
3	4	2	37	43	69	209	503
3	5	3	38	44	60	70
3	55	4	39	45	58	86	114	140	151	190	267	273	286	365	378	400	416	422	453	495	508	609	633
3	1	5	40	46	48	63	100	115	129	144	155	162	183	192	238	245	254	268	289	295	316	341	361	367	408	425	429	444	482	490	504	526
3	2	6	41	47	49	64	75	101	116	130	145	156	163	184	193	210	239	246	255	269	290	296	317	342	362	368	409	426	430	445	483	491	505	527	538	548
3	171	7	30	90
3	264	8	59	302
3	23	9	62	110	143	237	403
3	225	10	219
3	265	11	26	375	379	387
3	266	12
3	36	13	79	227	281	315	356	391	486	514	525	537	547
3	267	14
3	80	15	566	576
3	149	16	76	102	157	363	369	463	484	628
3	268	17	23	82	563	573	606	614	627
3	221	18
3	269	19
3	270	20
3	271	21
3	272	22
3	273	24
3	274	25
3	218	27
3	223	28	624
3	275	29
3	276	31
3	277	32
3	220	33
3	278	34
3	279	35
3	280	36
3	62	50	344	434	570	580
3	89	51
3	196	52	435
3	156	53
3	27	54	67	83	167	173	233	276	307	327	334	385	437	478	593	598
3	90	55	200
3	117	56	111	201	250	262	345	398	465	493	569	579	629
3	281	57	494
3	282	61
3	15	65	123	178	410	475	500
3	283	66
3	8	68	138	152	168	174	214	277	313	332	392	420	509	521	535	545
3	284	71
3	285	72
3	286	73
3	22	74	109	199	441	443	499
3	287	77	147	185	194	247	318	343	464
3	288	78	485	515	554
3	289	80
3	216	81	335
3	290	84	298	600
3	291	85	603
3	7	87	95	105	126	160	188	205	217	231	299	304	325	336	376	451	502	568	578
3	292	88
3	6	89	134	207	303	330	395	418	488	497	512	523	532	544	557
3	39	91	170	172	470	472
3	19	92	221	224	242	412	457	589	601
3	293	93
3	294	94
3	295	96
3	296	97
3	297	98
3	298	99	263
3	17	103	158
3	18	104	159
3	88	106	175	558
3	20	107
3	21	108
3	299	112
3	300	113
3	301	117
3	48	118
3	302	119
3	303	120
3	304	121
3	305	122
3	104	124	136	179	186	291	297	319	324	374	477	528	549	599
3	306	125	450
3	97	127	132	141	165	293	300	357	555
3	98	128	556
3	28	131	180
3	99	133	166
3	25	135	146	396
3	105	137	148	529	550
3	107	139
3	102	142
3	307	149
3	308	150	438
3	108	153
3	309	154	311	552
3	148	161	169	218	232
3	310	164
3	311	171
3	242	176	236	402
3	10	177	350	474
3	167	181	208
3	168	182	328
3	96	187	320
3	312	189	452
3	313	191	531
3	141	195	211	248	256	270	427	431	492	506
3	314	196
3	315	197	216
3	73	198
3	161	202
3	103	203
3	51	204	602	605
3	316	206
3	317	212
3	318	213	229
3	37	215
3	236	220
3	155	222	243
3	137	223	407
3	237	225
3	319	226
3	320	228
3	321	230
3	322	234
3	323	235
3	324	240
3	153	241
3	325	244
3	326	249	259	274	473
3	100	251	466
3	327	252	467
3	328	253	476
3	329	257
3	330	258
3	12	260
3	331	261	287
3	332	264	424
3	333	265	284
3	334	266
3	335	271
3	336	272	279
3	337	275
3	338	278
3	74	280
3	68	282
3	339	283
3	340	285
3	341	288
3	342	292
3	114	294	358
3	343	301
3	344	305
3	345	306
3	72	308	411	539
3	346	309	530	540
3	347	310	415	551
3	348	312	553
3	349	314
3	350	321	339
3	351	322
3	160	323
3	71	326	386
3	352	329
3	353	331
3	166	333
3	354	337	377
3	3	338
3	355	340
3	118	346
3	119	347
3	120	348
3	123	349	442
3	243	351
3	244	352
3	356	353	382	399
3	357	354
3	127	355
3	358	359
3	359	360
3	54	364
3	33	366	372	373	404
3	360	370
3	31	371
3	361	380	388
3	49	381	433
3	362	383
3	363	384
3	53	389
3	364	390
3	85	393	423
3	365	394
3	16	397
3	86	401	417
3	70	405
3	140	406
3	45	413
3	366	414
3	367	419
3	214	421
3	368	428	432	462
3	91	436
3	369	439
3	370	440
3	371	446
3	58	447
3	372	448
3	111	449
3	373	454	594
3	374	455
3	375	456
3	376	458
3	377	459
3	378	460
3	379	461
3	380	468
3	125	469
3	381	471
3	382	479
3	383	480
3	384	487	496	511
3	136	489	498	513
3	385	501
3	386	507
3	387	510
3	388	516
3	389	517	524
3	390	518	522
3	391	519	546
3	392	520	536	541
3	29	533
3	393	534
3	394	542
3	395	543
3	83	559
3	396	560
3	397	561
3	398	562	572
3	399	564	574
3	400	565	575
3	401	567	577
3	402	571	581
3	403	582
3	404	583
3	405	584
3	406	585
3	407	586	588
3	408	587
3	409	591
3	410	592
3	411	595
3	412	596
3	413	597
3	255	604
3	258	607
3	93	608
3	252	610	631
3	186	611
3	187	612
3	189	613
3	414	615
3	415	616
3	416	617
3	417	618
3	418	619
3	419	620
3	420	621	634
3	421	622	635
3	260	623	636
3	261	625
3	262	626
3	422	630
3	423	632
4	424	1	23	53	92	117	323
4	425	2	24	63	324
4	31	3	25	72	129	241	259	282	325	384	408
4	426	4	26	71	326
4	427	5	27	75	327
4	428	6	28	80	328
4	429	7	29	81	85	329
4	430	8	30	74	330
4	36	9	31	61	67	103	118	136	139	198	331	353	395	625	660
4	431	10	32	62	142	332
4	276	11
4	373	12
4	432	13	158	296	751
4	109	14
4	154	15	272	275	391	665
4	433	16
4	434	17	210
4	435	18	528
4	189	19	21
4	436	20	558
4	255	22	511	535
4	437	33
4	117	34	58	65	70	73	104	193	404	650	670	681
4	229	35	200	209	229	248	261	265	691
4	438	36	724
4	160	37	577	615
4	439	38
4	112	39	43	149	156	294	311	313	421	692	749
4	440	40
4	258	41	173	191	204	223
4	6	42	90	161	183	239	273	359	370	521	526	533	547	556	565	580	583	638	641	696	754
4	252	44	534
4	441	45	429	465
4	442	46
4	259	47	430	433	503
4	443	48
4	444	49
4	8	50	78	84	91	96	116	119	130	132	147	153	175	178	181	187	195	199	208	217	228	234	283	399	513	519	561	570	578	600	616	630	654	664	673	678	721	746
4	445	51
4	3	52	346	389
4	446	54	93
4	447	55
4	448	56
4	22	57	76	169	242	347	549	567	711
4	449	59
4	450	60
4	18	64	233	659	676	706	727	740
4	451	66	120
4	452	68
4	55	69	77	83	177	180	189	207	221	237	362	372	410	414	523	531	599	632	643	653	663	672	680	708
4	453	79
4	216	82	596	609	652	702	715
4	454	86
4	149	87	231	536	731
4	125	88	108	185	214	250	306	517	574	585	611
4	455	89
4	62	94	610
4	201	95
4	456	97	634	642
4	457	98
4	458	99
4	459	100
4	460	101	114
4	461	102	115	244
4	462	105	564
4	463	106
4	464	107
4	465	109
4	80	110
4	466	111
4	401	112	134
4	467	113	135
4	230	121	383
4	51	122	171	202	320	512	569	602
4	68	123	626
4	420	124	318
4	468	125
4	53	126	174	205	584	620
4	469	127	351	529
4	470	128
4	471	131
4	472	133
4	473	137	444	480
4	474	138	472	475	478	481	484	487	490	493	496	499	502
4	475	140
4	476	141
4	79	143
4	477	144
4	397	145	168	182	546
4	478	146	288	734
4	479	148	154	292	425	505	514	571	747
4	480	150
4	387	151
4	481	152
4	482	155	293	506	515	572	748
4	483	157	295	750
4	484	159	752
4	485	160	753
4	249	162	755
4	232	163	281	756
4	486	164
4	7	165	264	709	728
4	487	166
4	223	167	508
4	488	170	568
4	489	172	190	203	222
4	490	176	220	240	522
4	491	179	614
4	25	184	456	492	516	684
4	492	186	216	518
4	493	188	196	218	520
4	39	192	657	689
4	494	194
4	495	197	538
4	496	201	308
4	497	206
4	498	211
4	499	212
4	500	213
4	501	215
4	48	219	226	246	539	591
4	256	224	260	552	735
4	190	225	277	361
4	415	227
4	502	230	262	661
4	503	232	658
4	265	235	373
4	504	236
4	505	238
4	16	243	251	307	685
4	506	245
4	507	247
4	324	249	305	342
4	508	252
4	509	253	543
4	204	254	619	646
4	90	255	573
4	510	256
4	386	257
4	511	258
4	375	263	698
4	512	266
4	244	267
4	21	268
4	146	269	344
4	513	270
4	200	271	739	741
4	514	274
4	515	276
4	516	278
4	153	279	621
4	517	280
4	518	284
4	519	285
4	416	286
4	238	287	343	712
4	27	289	299	387	587	628	701
4	520	290
4	521	291	736
4	522	297
4	523	298
4	524	300
4	525	301
4	526	302
4	192	303	309
4	527	304	737
4	528	310	525
4	529	312	314
4	530	315
4	531	316
4	312	317
4	532	319
4	533	321	462	498
4	534	322	385
4	535	333
4	536	334
4	537	335
4	346	336
4	538	337	357
4	539	338
4	540	339
4	541	340
4	542	341
4	10	345	527	730
4	406	348
4	543	349
4	544	350
4	545	352	745
4	288	354
4	546	355
4	547	356
4	548	358
4	549	360	402	551
4	550	363	397
4	551	364
4	552	365
4	553	366
4	115	367
4	554	368
4	555	369
4	556	371
4	557	374
4	558	375
4	559	376
4	301	377
4	407	378
4	56	379
4	560	380
4	561	381
4	220	382
4	562	386
4	563	388
4	564	390
4	565	392
4	566	393
4	567	394
4	568	396
4	569	398
4	570	400	417
4	571	401
4	572	403
4	573	405
4	574	406
4	575	407
4	576	409
4	577	411
4	578	412
4	579	413
4	580	415
4	581	416
4	582	418
4	583	419
4	584	420
4	585	422
4	586	423
4	587	424
4	588	426
4	589	427
4	590	428
4	591	431
4	592	432	468
4	593	434
4	594	435	471
4	419	436	439	442	445	448	451	454	457	460	463	466	469
4	595	437
4	596	438	474
4	597	440
4	598	441	477
4	599	443
4	600	446
4	601	447	483
4	602	449
4	603	450	486
4	604	452
4	605	453	489
4	606	455
4	607	458
4	608	459	495
4	609	461
4	610	464	482
4	611	467
4	612	470
4	613	473
4	614	476
4	615	479
4	616	485
4	617	488
4	618	491
4	619	494
4	620	497
4	621	500
4	417	501	559	606	617	655	666	704	722
4	622	504
4	623	507
4	261	509	636
4	262	510
4	624	524	603	622	648
4	625	530	553
4	626	532	566
4	627	537
4	628	540
4	629	541
4	630	542
4	631	544
4	632	545
4	633	548
4	634	550	613
4	186	554
4	187	555
4	635	557
4	636	560
4	637	562
4	4	563
4	196	575	612
4	638	576
4	140	579
4	639	581
4	640	582
4	641	586
4	642	588
4	134	589
4	643	590
4	105	592
4	138	593
4	83	594
4	644	595	651	687	714
4	645	597
4	366	598
4	271	601
4	188	604
4	141	605	669
4	646	607	623	656	705
4	647	608
4	199	618	723
4	648	624
4	649	627
4	650	629
4	651	631
4	652	633
4	653	635
4	654	637
4	655	639
4	656	640
4	248	644
4	657	645
4	658	647
4	659	649
4	660	662
4	661	667
4	49	668	677
4	662	671	738
4	663	674
4	664	675	707
4	665	679
4	666	682
4	293	683
4	667	686
4	668	688	703
4	147	690
4	669	693
4	670	694
4	671	695
4	110	697
4	19	699	716	726	743
4	13	700
4	672	710
4	673	713
4	674	717
4	675	718
4	676	719
4	45	720
4	194	725
4	385	729
4	677	732
4	678	733
4	679	742
4	15	744
